[[0.]
 [0.]
 [0.]
 ...
 [0.]
 [0.]
 [0.]]
[[0.]
 [0.]
 [0.]
 ...
 [0.]
 [0.]
 [0.]]
[[0.]
 [0.]
 [0.]
 ...
 [0.]
 [0.]
 [0.]]
[[0.]
 [0.]
 [0.]
 ...
 [0.]
 [0.]
 [0.]]
[[0.49659637]
 [0.15797615]
 [0.12584186]
 ...
 [0.3060235 ]
 [0.1630753 ]
 [0.20546967]]
[[0.2486201 ]
 [0.17619124]
 [0.18489617]
 ...
 [0.23004645]
 [0.24460989]
 [0.32418203]]
[[0.2756542 ]
 [0.17202294]
 [0.19054484]
 ...
 [0.23269486]
 [0.2320095 ]
 [0.27427608]]
[[0.]
 [0.]
 [0.]
 ...
 [0.]
 [0.]
 [0.]]
[[1]
 [1]
 [1]
 ...
 [1]
 [1]
 [1]]
[[1]
 [1]
 [1]
 ...
 [1]
 [1]
 [1]]
[[1]
 [1]
 [1]
 ...
 [1]
 [1]
 [1]]
[[1]
 [1]
 [1]
 ...
 [1]
 [1]
 [1]]
[[0.4834952 ]
 [0.19008148]
 [0.13948128]
 ...
 [0.26813507]
 [0.0821594 ]
 [0.1930008 ]]
[[0.20522311]
 [0.1975196 ]
 [0.19598737]
 ...
 [0.2638514 ]
 [0.29170647]
 [0.29412863]]
[[0.34441966]
 [0.14840686]
 [0.2128368 ]
 ...
 [0.1919173 ]
 [0.2010014 ]
 [0.28097805]]
[[0.26569453]
 [0.26598698]
 [0.2616397 ]
 ...
 [0.2918365 ]
 [0.29035664]
 [0.30223307]]
[[0.49659637]
 [0.15797615]
 [0.12584186]
 ...
 [0.3060235 ]
 [0.1630753 ]
 [0.20546967]]
[[0.2486201 ]
 [0.17619124]
 [0.18489617]
 ...
 [0.23004645]
 [0.24460989]
 [0.32418203]]
[[0.2756542 ]
 [0.17202294]
 [0.19054484]
 ...
 [0.23269486]
 [0.2320095 ]
 [0.27427608]]
[[0.37224853]
 [0.38807732]
 [0.36834207]
 ...
 [0.4289589 ]
 [0.4261224 ]
 [0.44029567]]
[[0.49659637]
 [0.15797615]
 [0.12584186]
 ...
 [0.3060235 ]
 [0.1630753 ]
 [0.20546967]]
[[0.2486201 ]
 [0.17619124]
 [0.18489617]
 ...
 [0.23004645]
 [0.24460989]
 [0.32418203]]
[[0.5440186 ]
 [0.10867634]
 [0.1608716 ]
 ...
 [0.24344504]
 [0.10135278]
 [0.17867887]]
[[0.2515769 ]
 [0.24485394]
 [0.24826673]
 ...
 [0.2813024 ]
 [0.28280455]
 [0.29526174]]
